1
1
3
4
5
12
19
27
36
40
47
49
63
77
82
84
85
87
95
96
97
108
116
116
138
138
139
143
151
153
155
162
163
168
174
181
196
205
208
215
217
221
225
230
233
239
239
247
253
256
263
264
265
265
267
276
278
285
288
293
293
294
296
296
305
306
307
309
309
310
314
319
321
322
328
349
354
362
365
379
393
395
402
409
412
414
415
420
422
422
428
431
432
440
440
449
452
456
462
463
480
494
495
506
508
517
527
536
539
544
552
557
563
582
590
594
597
603
613
618
628
656
658
663
663
672
679
687
694
697
699
712
728
734
740
743
744
744
746
758
779
783
793
819
829
835
844
845
860
864
870
872
874
876
881
900
902
913
921
924
928
929
936
943
950
951
973
979
981
1004
1006
1007
1018
1020
1024
1027
1027
1036
1038
1052
1055
1071
1075
1075
1081
1092
1093
1099
1108
1110
1126
1130
1151
1154
1173
1188
1215
1218
1220
1223
1225
1228
1230
1238
1241
1247
1256
1257
1265
1271
1277
1280
1297
1301
1332
1337
1342
1342
1343
1343
1350
1352
1367
1378
1384
1387
1391
1394
1394
1398
1398
1398
1407
1408
1408
1416
1425
1430
1431
1440
1453
1459
1461
1465
1468
1469
1470
1472
1474
1475
1481
1485
1486
1488
1488
1490
1496
1497
1502
1508
1513
1515
1516
1519
1520
1537
1541
1551
1564
1564
1567
1581
1583
1587
1597
1599
1612
1617
1618
1626
1635
1646
1653
1657
1675
1676
1678
1681
1690
1693
1704
1709
1710
1716
1731
1743
1745
1752
1754
1756
1760
1765
1770
1775
1777
1780
1786
1798
1806
1807
1822
1823
1833
1838
1844
1873
1879
1892
1908
1910
1911
1919
1919
1926
1929
1937
1939
1946
1947
1953
1960
1963
1981
1982
1988
1993
1995
2003
2004
2013
2024
2034
2038
2055
2062
2076
2077
2078
2083
2084
2107
2114
2115
2116
2123
2124
2128
2128
2149
2155
2170
2172
2174
2175
2177
2179
2181
2199
2207
2214
2214
2215
2216
2218
2220
2225
2233
2233
2234
2234
2247
2258
2260
2261
2266
2268
2269
2276
2277
2280
2291
2291
2292
2299
2310
2328
2349
2359
2359
2365
2368
2373
2374
2379
2381
2389
2391
2391
2397
2403
2420
2425
2429
2430
2431
2432
2434
2434
2440
2453
2462
2476
2480
2480
2481
2481
2482
2494
2495
2504
2517
2518
2531
2537
2537
2545
2557
2559
2562
2568
2578
2581
2586
2593
2601
2602
2604
2609
2609
2610
2612
2618
2619
2623
2625
2632
2638
2638
2665
2677
2679
2680
2691
2693
2698
2700
2722
2728
2730
2734
2743
2752
2767
2768
2770
2781
2786
2795
2796
2801
2811
2811
2818
2861
2867
2872
2875
2879
2881
2900
2910
2913
2916
2937
2945
2961
2968
2970
2995
3000
